|    |   Group A (Experiment) |   Group B (Control) |
|---:|-----------------------:|--------------------:|
|  0 |                920.314 |            1218.370 |
|  1 |               1752.760 |            1539.730 |
|  2 |               1510.340 |            1321.880 |
|  3 |               1205.820 |            1358.930 |
|  4 |               1089.940 |            1166.770 |
|  5 |               1500.730 |            1181.890 |
|  6 |               1649.230 |             911.980 |
|  7 |               1663.120 |            1159.430 |
|  8 |               1244.830 |            1702.430 |
|  9 |               1786.570 |            2936.460 |
| 10 |               1647.130 |            1909.890 |
| 11 |               1856.480 |            3400.950 |
| 12 |               1065.740 |            1593.700 |
| 13 |               1338.390 |            1136.050 |
| 14 |               1525.990 |            1228.090 |
| 15 |                523.019 |            1183.640 |
| 16 |               1745.720 |             798.032 |
| 17 |               1437.140 |            1218.670 |
| 18 |               1937.580 |            2211.960 |
| 19 |               1625.150 |            2418.840 |
| 20 |               1245.650 |            1557.710 |
| 21 |               1059.700 |            1298.590 |
| 22 |               1521.280 |            1596.460 |
| 23 |               1145.170 |            1548.880 |
