|    |   Group A (Experiment) |   Group B (Control) |
|---:|-----------------------:|--------------------:|
|  1 |            -0.00417277 |          -0.49577793 |
|  2 |             0.50373236 |           0.68981280 |
|  3 |             0.15699143 |           0.23382580 |
|  4 |             0.00451536 |          -0.73851249 |
|  5 |            -0.58288579 |          -0.34458226 |
|  6 |            -0.34522686 |          -0.44102229 |
|  7 |             0.73990718 |          -0.32645377 |
|  8 |            -0.12190191 |           0.10165021 |
|  9 |            -0.01387657 |           0.46784780 |
| 10 |            -1.00000000 |          -0.10007813 |
| 11 |            -0.57772800 |          -0.46787344 |
| 12 |             0.09473705 |           0.28491156 |
| 13 |             0.09502808 |           0.01185585 |
| 14 |             0.33575880 |          -0.04417534 |
| 15 |            -0.01694394 |          -0.33790422 |
| 16 |            -0.45851221 |          -0.97671115 |
| 17 |            -0.06320157 |          -0.16183962 |
| 18 |            -0.35928113 |          -0.36071773 |
| 19 |            -0.75108771 |          -0.37423448 |
| 20 |             0.24792238 |           0.24778847 |
| 21 |            -0.57734193 |           0.37866428 |
| 22 |            -0.51463310 |          -0.15141027 |
| 23 |             0.18263287 |          -0.26615520 |
| 24 |            -0.60925044 |          -0.37691217 |
