| Row | Group A (Experiment) | Group B (Control) |
|---|---|---|
| 1 | 1.87821 | 2.48667 |
| 2 | 3.57758 | 3.14448 |
| 3 | 3.08236 | 2.69958 |
| 4 | 2.46205 | 2.77488 |
| 5 | 2.22438 | 2.38298 |
| 6 | 3.06274 | 2.41222 |
| 7 | 3.36604 | 1.87025 |
| 8 | 3.39440 | 2.36653 |
| 9 | 2.54084 | 3.52845 |
| 10 | 3.64734 | 5.99326 |
| 11 | 3.36198 | 3.89804 |
| 12 | 3.79161 | 6.94126 |
| 13 | 2.18266 | 3.25281 |
| 14 | 2.73189 | 2.31871 |
| 15 | 3.11461 | 2.50657 |
| 16 | 1.06750 | 2.41586 |
| 17 | 3.56721 | 1.63026 |
| 18 | 2.93325 | 2.48753 |
| 19 | 3.96265 | 4.51470 |
| 20 | 3.31734 | 4.93695 |
| 21 | 2.54234 | 3.17935 |
| 22 | 2.16283 | 2.65065 |
| 23 | 3.10574 | 3.25843 |
| 24 | 2.33726 | 3.16132 |
